62702
61201
62025
62025
IL
61790-4560
62450
61635-0001
61032
61047
62028
62269
63112

60516
62794-9256
60411
62704
62650

61032
61032
60546
IL
61920
62095
62095
62095
61920
61920

Dues Pd: Apr 05
61201
61920
62026
62026
62025
50707
IL
61625
61401
62650
62650
62025
61625
61625
61401
61625
61048
61625
62226
63129
61615
62028
IL
IL
ILL
61401-4999
61244
62026-1654
62025
62025-1654
IL
IL
61401
61401
IL
62223
62049
61032
61032
IL
61790-4560
60546
61401-4999
61401-4999
61032
61032
60435
63301
63301
62028
62028
61455
61455
61455
61455
63143
62650
